1 72
2 80
3 96
4 108
5 120
6 133
7 139
8 153
9 167
10 174
11 187
12 198
13 212
14 224
15 234
16 248
17 259
18 274
19 285
20 304
21 321
22 330
23 341
24 355
25 366
26 377
27 389
28 405
29 412
30 428
31 440
32 449
33 465
34 478
35 486
36 502
37 512
38 521
39 533
40 556
41 562
42 573
43 592
44 595
45 606
46 621
47 631
48 646
49 657
50 687
51 695
52 694
53 711
54 715
55 728
56 744
57 753
58 766
59 776
60 788
61 800
62 812
63 825
64 836
65 849
66 863
67 875
68 885
69 903
70 912
71 923
72 933
73 948
74 960
75 973
76 988
77 996
78 1009
79 1036
80 1055
81 1068
82 1077
83 1085
84 1099
85 1108
86 1130
87 1141
88 1163
89 1173
90 1188
91 1199
92 1208
93 1215
94 1224
95 1243
96 1247
97 1278
98 1285
99 1286
100 1296
101 1300
102 1322
103 1329
104 1345
105 1354
106 1400
107 1379
108 1395
109 1412
110 1418
111 1434
112 1448
113 1455
114 1469
115 1495
116 1492
117 1489
118 1497
119 1513
120 1526
121 1543
122 1555
123 1561
124 1580
125 1591
126 1603
127 1604
128 1627
129 1640
130 1651
131 1651
132 1686
133 1692
134 1711
135 1712
136 1729
137 1742
138 1758
139 1764
140 1784
141 1788
142 1789
143 1811
144 1831
145 1837
146 1852
147 1872
148 1879
149 1883
150 1894
151 1929
152 1946
153 1962
154 1952
155 1957
156 1971
157 1981
158 1996
159 2009
160 2033
161 2024
162 2048
163 2055
164 2068
165 2081
166 2093
167 2102
168 2122
169 2131
170 2142
171 2157
172 3766
173 2192
174 2187
175 2199
176 2221
177 2224
178 2251
179 2280
180 2279
181 2298
182 2310
183 2312
184 2325
185 2328
186 2349
187 2355
188 2372
189 2384
190 2397
191 2409
192 2421
193 2433
194 2449
195 2460
196 2469
197 2484
198 2494
199 2508
200 2522
201 2531
202 2543
203 2556
204 2585
205 2549
206 2561
207 2573
208 2584
209 2597
210 2610
211 2621
212 2632
213 2646
214 2679
215 2669
216 2677
217 2715
218 2704
219 2716
220 2728
221 2742
222 2758
223 2771
224 2786
225 2796
226 2827
227 2822
228 2836
229 2868
230 2870
231 2880
232 2886
233 2887
234 2899
235 2914
236 2934
237 2944
238 2948
239 2959
240 2974
241 3006
242 3039
243 3043
244 3044
245 3054
246 3071
247 3078
248 3092
249 3109
250 3116
251 3130
252 3145
253 3178
254 3195
255 3201
256 3197
257 3205
258 3211
259 3225
260 3241
261 3298
262 3261
263 3279
264 3287
265 3297
266 3308
267 3319
268 3335
269 3348
270 7138
271 3376
272 4432
273 3399
274 3407
275 3408
276 3432
277 3443
278 3451
279 3470
280 3478
281 3531
282 3579
283 3602
284 3585
285 3625
286 3665
287 3759
288 3648
289 3618
290 3627
291 11385
292 3650
293 3714
294 3655
295 3659
296 4749
297 3696
298 3718
299 6176
300 3734
301 6376
302 3743
303 3755
304 3777
305 3782
306 3797
307 3804
308 3816
309 3831
310 3846
311 3852
312 3869
313 3877
314 3902
315 3902
316 3914
317 3924
318 3942
319 3950
320 3963
321 3981
322 4006
323 4000
324 4006
325 4036
326 5121
327 4049
328 4076
329 4056
330 4070
331 4089
332 4091
333 4116
334 4150
335 4162
336 4169
337 4176
338 4191
339 4192
340 4215
341 4216
342 4236
343 4262
344 4274
345 4291
346 4287
347 4313
348 4323
349 4333
350 4334
351 4368
352 4376
353 4377
354 4373
355 4440
356 8856
357 4411
358 4433
359 4433
360 4445
361 4463
362 4472
363 4483
364 4494
365 4504
366 4525
367 4544
368 4566
369 4569
370 4565
371 4579
372 4591
373 4603
374 4617
375 5678
376 4642
377 4649
378 4663
379 4676
380 4690
381 4690
382 4710
383 4723
384 4736
385 4751
386 4760
387 4772
388 4785
389 4796
390 4813
391 4826
392 4833
393 4846
394 4862
395 4867
396 4896
397 4899
398 4919
399 4935
400 4933
401 4980
402 5024
403 4967
404 4997
405 9504
406 5009
407 5042
408 5043
409 5043
410 6110
411 5067
412 6136
413 5131
414 24580
415 6268
416 9742
417 5155
418 5151
419 5158
420 5177
421 5191
422 5197
423 6342
424 5226
425 5233
426 5246
427 5256
428 5270
429 5283
430 5313
431 5323
432 5321
433 5333
434 5340
435 5356
436 5368
437 5386
438 5391
439 5399
440 5420
441 5428
442 5437
443 5453
444 5464
445 5478
446 5489
447 5498
448 5507
449 5524
450 5538
451 5552
452 5571
453 5577
454 5599
455 7230
456 5630
457 5631
458 5651
459 5641
460 5708
461 5673
462 5677
463 5697
464 5711
465 5717
466 5731
467 7390
468 5754
469 5773
470 7475
471 5790
472 5809
473 7938
474 5826
475 5838
476 5849
477 5866
478 5875
479 5886
480 5899
481 5911
482 7971
483 5934
484 5985
485 6008
486 6007
487 6040
488 7119
489 9895
490 13417
491 6024
492 6042
493 6057
494 6069
495 6081
496 6095
497 6104
498 6121
499 7915
500 6147
501 6157
502 6169
503 6181
504 6185
505 6204
506 6213
507 6227
508 6250
509 6255
510 6440
511 6275
512 6289
513 13557
514 6309
515 6324
516 6354
517 6347
518 6358
519 7993
520 6381
521 6414
522 6410
523 6417
524 6429
525 6439
526 6455
527 6480
528 6478
529 6498
530 6503
531 6562
532 6538
533 6558
534 6566
535 6579
536 11971
537 6584
538 6607
539 6612
540 6634
541 6633
542 6656
543 6653
544 6682
545 6689
546 6697
547 6712
548 6714
549 6741
550 6736
551 6762
552 6773
553 6781
554 6805
555 6810
556 6816
557 6843
558 6852
559 6864
560 6870
561 8481
562 6885
563 6895
564 6907
565 6936
566 6974
567 6978
568 6984
569 7019
570 6987
571 7008
572 8849
573 7022
574 7081
575 7050
576 7060
577 7072
578 7088
579 7096
580 7108
581 7121
582 7127
583 7144
584 7158
585 7170
586 7225
587 7267
588 7207
589 7223
590 7234
591 7244
592 7246
593 7281
594 7330
595 7295
596 7308
597 7315
598 7326
599 7341
600 7357
601 7367
602 7375
603 7394
604 7403
605 7413
606 7428
607 7436
608 7454
609 7457
610 7478
611 7492
612 7491
613 7527
614 7533
615 8654
616 7539
617 7560
618 7584
619 7591
620 7603
621 7613
622 7621
623 7670
624 8797
625 7741
626 7697
627 7699
628 7725
629 7739
630 8986
631 7837
632 7761
633 7759
634 7822
635 7779
636 8859
637 7802
638 7812
639 7827
640 8933
641 7860
642 7859
643 7872
644 7883
645 7897
646 7911
647 7919
648 7932
649 7947
650 7958
651 7998
652 8010
653 8029
654 10954
655 8030
656 8045
657 8057
658 8071
659 8082
660 8088
661 8109
662 8135
663 8130
664 8140
665 8161
666 9932
667 49965
668 8185
669 8225
670 8215
671 8249
672 12091
673 8235
674 8245
675 8309
676 8268
677 8280
678 8295
679 8308
680 8323
681 8330
682 8343
683 8401
684 8399
685 8380
686 49070
687 8496
688 8416
689 8446
690 10698
691 8514
692 8463
693 8476
694 8492
695 8499
696 8517
697 12965
698 8538
699 8552
700 8572
701 8575
702 8595
703 8605
704 8611
705 8624
706 8636
707 8650
708 8655
709 10291
710 8684
711 8682
712 8699
713 8714
714 10333
715 8739
716 8756
717 8769
718 10390
719 8795
720 8841
721 8823
722 8867
723 8871
724 8899
725 8984
726 8876
727 8895
728 8904
729 8911
730 8923
731 8976
732 8944
733 8962
734 8977
735 8985
736 8995
737 9006
738 9015
739 9032
740 9039
741 9076
742 9076
743 9082
744 40057
745 9126
746 15811
747 9129
748 9194
749 9174
750 9223
751 9176
752 9189
753 9208
754 9215
755 9230
756 9242
757 9250
758 9265
759 9278
760 9283
761 9300
762 9313
763 9325
764 9335
765 9351
766 9362
767 9370
768 9393
769 9396
770 9413
771 9418
772 9433
773 9534
774 11103
775 9475
776 9518
777 9544
778 9534
779 9588
780 10682
781 9546
782 9553
783 10624
784 9583
785 9596
786 9601
787 9644
788 9626
789 9641
790 9651
791 9674
792 9676
793 9690
794 9697
795 9773
796 9803
797 12316
798 9756
799 9808
800 9771
801 9782
802 44209
803 16322
804 11480
805 10903
806 9935
807 12133
808 9933
809 9883
810 11657
811 9908
812 9915
813 9931
814 9945
815 9952
816 9970
817 9977
818 9993
819 10000
820 10012
821 10025
822 10037
823 11111
824 10065
825 10070
826 10088
827 10100
828 10113
829 10123
830 10137
831 10146
832 10158
833 10188
834 10197
835 10238
836 10241
837 10271
838 10381
839 10251
840 10258
841 10274
842 10284
843 10299
844 10313
845 10311
846 10322
847 10351
848 10367
849 10373
850 10377
851 10388
852 10396
853 12221
854 10433
855 10448
856 10548
857 10568
858 10480
859 10494
860 37317
861 14987
862 10554
863 10536
864 10545
865 10560
866 10582
867 10627
868 10598
869 10607
870 10623
871 10630
872 10645
873 11692
874 10671
875 10682
876 11766
877 10708
878 10716
879 11757
880 10742
881 10754
882 10764
883 10782
884 10789
885 10797
886 10814
887 10828
888 10842
889 10855
890 10872
891 10902
892 10955
893 11185
894 11039
895 12096
896 10944
897 10945
898 10964
899 10975
900 10983
901 11001
902 11006
903 12080
904 11031
905 11095
906 11055
907 12913
908 11079
909 11101
910 12210
911 11189
912 11156
913 11148
914 11278
915 11173
916 11179
917 11271
918 12449
919 14709
920 12340
921 33754
922 12879
923 11293
924 11274
925 11286
926 11297
927 11307
928 11325
929 11335
930 11346
931 11358
932 11375
933 11385
934 11391
935 11405
936 13026
937 11440
938 11446
939 11470
940 11468
941 11477
942 11490
943 11506
944 15489
945 11556
946 14268
947 11641
948 15343
949 11639
950 14689
951 12725
952 11614
953 13187
954 11652
955 11687
956 11658
957 11707
958 11676
959 11699
960 11716
961 11718
962 11730
963 11912
964 11785
965 11785
966 62081
967 16711
968 13479
969 37239
970 11854
971 11837
972 11842
973 11878
974 11860
975 11902
976 11912
977 11899
978 11915
979 11952
980 11980
981 13033
982 13554
983 11972
984 11981
985 12011
986 12069
987 14945
988 12058
989 12066
990 12070
991 13145
992 12089
993 12103
994 12139
995 12148
996 12152
997 12182
998 12240
999 13298
1000 12201
