1 61
2 56
3 57
4 59
5 62
6 63
7 65
8 71
9 70
10 72
11 73
12 84
13 1040
14 85
15 83
16 87
17 91
18 90
19 91
20 96
21 96
22 105
23 100
24 103
25 104
26 114
27 114
28 120
29 121
30 123
31 128
32 122
33 129
34 133
35 134
36 141
37 142
38 143
39 146
40 146
41 150
42 151
43 160
44 161
45 162
46 160
47 166
48 168
49 174
50 173
51 175
52 185
53 182
54 183
55 185
56 187
57 192
58 190
59 203
60 207
61 206
62 204
63 212
64 213
65 212
66 216
67 233
68 237
69 239
70 236
71 232
72 228
73 230
74 233
75 237
76 240
77 241
78 246
79 249
80 251
81 253
82 255
83 261
84 259
85 266
86 266
87 272
88 272
89 272
90 279
91 275
92 279
93 283
94 296
95 297
96 291
97 296
98 301
99 302
100 308
101 305
102 333
103 322
104 326
105 322
106 329
107 329
108 324
109 329
110 332
111 338
112 341
113 344
114 350
115 348
116 363
117 361
118 365
119 373
120 380
121 377
122 375
123 379
124 382
125 386
126 399
127 392
128 392
129 399
130 390
131 403
132 406
133 404
134 412
135 415
136 418
137 415
138 419
139 437
140 427
141 435
142 431
143 441
144 443
145 441
146 444
147 447
148 453
149 454
150 453
151 463
152 461
153 470
154 470
155 474
156 467
157 475
158 479
159 477
160 485
161 488
162 486
163 491
164 493
165 504
166 505
167 496
168 507
169 505
170 507
171 508
172 516
173 503
174 507
175 529
176 522
177 538
178 530
179 547
180 530
181 544
182 550
183 552
184 546
185 552
186 551
187 559
188 560
189 559
190 565
191 564
192 574
193 564
194 575
195 575
196 577
197 576
198 583
199 582
200 582
201 596
202 592
203 593
204 596
205 600
206 596
207 606
208 601
209 613
210 604
211 611
212 617
213 619
214 638
215 629
216 632
217 632
218 635
219 667
220 637
221 649
222 644
223 633
224 702
225 691
226 653
227 661
228 659
229 673
230 666
231 662
232 670
233 678
234 674
235 674
236 679
237 682
238 691
239 684
240 681
241 706
242 695
243 695
244 700
245 702
246 707
247 702
248 706
249 703
250 709
251 709
252 782
253 732
254 722
255 724
256 725
257 730
258 729
259 734
260 738
261 737
262 741
263 746
264 746
265 750
266 752
267 757
268 758
269 761
270 760
271 763
272 769
273 765
274 773
275 782
276 781
277 778
278 782
279 788
280 790
281 790
282 795
283 799
284 801
285 810
286 805
287 812
288 805
289 812
290 1976
291 924
292 865
293 851
294 827
295 847
296 1926
297 837
298 832
299 845
300 838
301 842
302 851
303 840
304 842
305 852
306 852
307 857
308 857
309 860
310 862
311 861
312 867
313 865
314 866
315 866
316 878
317 883
318 881
319 885
320 880
321 890
322 915
323 887
324 907
325 960
326 904
327 912
328 912
329 911
330 923
331 981
332 1045
333 930
334 925
335 925
336 927
337 934
338 940
339 940
340 941
341 940
342 946
343 943
344 942
345 1978
346 956
347 959
348 963
349 959
350 962
351 967
352 975
353 977
354 971
355 977
356 979
357 986
358 986
359 991
360 992
361 997
362 995
363 1011
364 993
365 995
366 998
367 1009
368 1005
369 1018
370 1016
371 1013
372 1020
373 1012
374 1028
375 1029
376 1019
377 1045
378 1027
379 1055
380 1052
381 1038
382 1048
383 1059
384 1047
385 1049
386 1049
387 1057
388 1058
389 1049
390 7275
391 1067
392 1064
393 1079
394 1064
395 1087
396 1082
397 1082
398 1084
399 1091
400 1093
401 1089
402 1094
403 1100
404 1094
405 1102
406 1101
407 1115
408 1111
409 1118
410 1134
411 1122
412 1123
413 1123
414 1130
415 1130
416 1138
417 1133
418 1129
419 1141
420 1139
421 1136
422 1148
423 1144
424 1156
425 1156
426 1163
427 1156
428 1163
429 1162
430 1162
431 1178
432 2223
433 1178
434 1173
435 1191
436 1177
437 1181
438 1180
439 1185
440 1188
441 1195
442 1199
443 1200
444 1202
445 1203
446 1201
447 1210
448 1210
449 1218
450 1236
451 1226
452 1222
453 1230
454 1266
455 1238
456 1244
457 2362
458 1240
459 1240
460 1242
461 1251
462 1246
463 1255
464 1255
465 1273
466 1264
467 1261
468 1267
469 1270
470 1265
471 1268
472 1283
473 1264
474 1275
475 1282
476 1293
477 1287
478 1286
479 2898
480 1290
481 1283
482 1279
483 1286
484 1294
485 1304
486 1309
487 1372
488 1315
489 1323
490 1324
491 1325
492 1317
493 1324
494 1323
495 1335
496 1328
497 1329
498 1328
499 1339
500 1353
501 1351
502 1357
503 1349
504 1346
505 1349
506 1364
507 1364
508 1369
509 1378
510 1355
511 1394
512 1373
513 1368
514 1386
515 1380
516 1385
517 3039
518 1390
519 1389
520 1396
521 1411
522 3028
523 1418
524 1408
525 1411
526 1405
527 1416
528 1420
529 1421
530 1415
531 1455
532 1433
533 1427
534 1421
535 1442
536 1440
537 1439
538 1452
539 1440
540 1437
541 1438
542 1445
543 1453
544 1456
545 1454
546 1449
547 1460
548 1469
549 1462
550 1467
551 1477
552 1469
553 1472
554 1472
555 1489
556 1495
557 1488
558 1488
559 1492
560 1485
561 1511
562 1510
563 1499
564 1507
565 1502
566 1522
567 1535
568 4123
569 1517
570 1512
571 1558
572 1532
573 1532
574 1526
575 1538
576 1545
577 1533
578 1546
579 1544
580 1540
581 1563
582 1556
583 1560
584 1568
585 1562
586 1566
587 1563
588 1575
589 1568
590 1582
591 1583
592 1578
593 1587
594 1603
595 1614
596 1632
597 1605
598 1600
599 4381
600 1606
601 24921
602 1617
603 2655
604 1607
605 1604
606 1614
607 1608
608 1622
609 1624
610 1614
611 1611
612 1632
613 1633
614 1645
615 1632
616 1641
617 1642
618 1650
619 1636
620 1646
621 1651
622 1643
623 1654
624 1661
625 1653
626 1665
627 1674
628 1665
629 2693
630 1674
631 1668
632 1677
633 1687
634 1681
635 1673
636 1707
637 2119
638 1746
639 1702
640 1700
641 1708
642 1709
643 1701
644 1703
645 1708
646 1717
647 1717
648 1730
649 1725
650 1733
651 1731
652 1719
653 1723
654 1752
655 1722
656 1797
657 1753
658 1741
659 1776
660 1749
661 1851
662 1768
663 4197
664 1782
665 5477
666 1771
667 1771
668 1763
669 1763
670 1774
671 1763
672 1777
673 1778
674 3426
675 1781
676 1774
677 1807
678 1795
679 1784
680 2823
681 1792
682 1802
683 1817
684 1810
685 1797
686 1809
687 1811
688 1822
689 1814
690 1816
691 1820
692 1830
693 1829
694 1840
695 1831
696 1846
697 1886
698 1866
699 3109
700 1884
701 2828
702 1851
703 1855
704 1861
705 3518
706 1862
707 1863
708 1875
709 1881
710 1886
711 1870
712 1878
713 1885
714 1880
715 3528
716 1884
717 1890
718 1897
719 1901
720 1899
721 1918
722 1899
723 1910
724 1945
725 1892
726 1894
727 1900
728 1919
729 1918
730 1893
731 1896
732 1914
733 1920
734 1913
735 1924
736 1924
737 1935
738 1920
739 1957
740 1927
741 1957
742 1960
743 1954
744 1988
745 1959
746 1962
747 1966
748 3549
749 1973
750 2047
751 2007
752 2054
753 1986
754 2031
755 1993
756 1998
757 2026
758 2061
759 2045
760 2031
761 2047
762 2068
763 2078
764 2004
765 2000
766 2005
767 2012
768 2020
769 2035
770 2036
771 3046
772 2060
773 2067
774 2045
775 2050
776 2047
777 3138
778 2062
779 2171
780 2059
781 2105
782 2094
783 2078
784 2088
785 2066
786 2070
787 2081
788 2081
789 2104
790 2332
791 2083
792 2075
793 2080
794 2083
795 2096
796 2095
797 2095
798 2093
799 2091
800 2103
801 2099
802 2105
803 2101
804 2111
805 2123
806 2118
807 2115
808 3733
809 3712
810 2126
811 2150
812 2152
813 2161
814 2188
815 2139
816 2143
817 2143
818 2144
819 2163
820 2144
821 2158
822 2147
823 2168
824 2156
825 2163
826 2168
827 2174
828 2165
829 3804
830 2175
831 2351
832 2193
833 2190
834 2194
835 2181
836 2190
837 2196
838 2198
839 2196
840 2181
841 2187
842 2195
843 2178
844 2234
845 2185
846 2186
847 2209
848 2202
849 2205
850 2205
851 2219
852 2214
853 2221
854 2215
855 2220
856 2232
857 3319
858 2257
859 2275
860 2283
861 2319
862 2251
863 2244
864 2251
865 2247
866 2247
867 2258
868 2260
869 2254
870 2268
871 2257
872 2261
873 2278
874 2266
875 2277
876 2321
877 20517
878 6104
879 2313
880 2304
881 2318
882 2338
883 2313
884 2315
885 2328
886 2329
887 2323
888 2328
889 2331
890 2330
891 2352
892 2324
893 2334
894 2344
895 2349
896 2336
897 2352
898 4595
899 2356
900 2351
901 2358
902 2341
903 2392
904 2377
905 2392
906 2406
907 2367
908 2473
909 2383
910 2382
911 2377
912 2384
913 2425
914 2386
915 2395
916 2455
917 2400
918 2397
919 2396
920 2397
921 2398
922 2409
923 2408
924 4103
925 2412
926 2422
927 2420
928 2442
929 2423
930 2438
931 2432
932 2432
933 2490
934 2473
935 2464
936 2554
937 2443
938 2445
939 2490
940 2461
941 2481
942 2467
943 2470
944 2461
945 2451
946 2460
947 2464
948 2458
949 67083
950 2540
951 2481
952 2501
953 2499
954 2489
955 2501
956 2486
957 2500
958 2496
959 2497
960 2507
961 2516
962 2502
963 2502
964 2515
965 2538
966 2512
967 2502
968 2524
969 2568
970 2531
971 2646
972 2582
973 2543
974 2641
975 2565
976 2552
977 2549
978 2552
979 2582
980 2543
981 2569
982 2555
983 3575
984 2560
985 2558
986 2570
987 2561
988 2564
989 2611
990 2581
991 2563
992 3643
993 2590
994 2582
995 2581
996 2599
997 2601
998 2588
999 2599
1000 2601
