1 64
2 70
3 75
4 82
5 89
6 98
7 101
8 109
9 118
10 125
11 131
12 138
13 147
14 152
15 160
16 167
17 173
18 182
19 188
20 196
21 202
22 209
23 215
24 224
25 230
26 244
27 241
28 253
29 258
30 265
31 272
32 284
33 294
34 298
35 312
36 336
37 332
38 345
39 342
40 357
41 368
42 374
43 381
44 393
45 399
46 398
47 410
48 418
49 433
50 435
51 443
52 453
53 457
54 462
55 471
56 480
57 462
58 469
59 479
60 485
61 490
62 492
63 500
64 507
65 514
66 521
67 529
68 535
69 544
70 550
71 557
72 562
73 570
74 580
75 589
76 597
77 597
78 607
79 613
80 619
81 625
82 632
83 639
84 649
85 654
86 659
87 667
88 674
89 681
90 689
91 697
92 703
93 709
94 719
95 724
96 731
97 739
98 743
99 755
100 762
101 767
102 777
103 783
104 791
105 796
106 809
107 808
108 826
109 820
110 838
111 840
112 845
113 853
114 863
115 868
116 885
117 887
118 889
119 895
120 910
121 912
122 919
123 936
124 935
125 937
126 948
127 959
128 966
129 969
130 975
131 986
132 991
133 999
134 1005
135 1014
136 1020
137 1029
138 1034
139 1042
140 1052
141 1056
142 1063
143 2586
144 1076
145 1085
146 1093
147 1105
148 1115
149 1123
150 1107
151 1141
152 1132
153 1154
154 1172
155 1168
156 1175
157 1181
158 1173
159 1189
160 1204
161 2232
162 1214
163 1215
164 3428
165 1230
166 1243
167 1250
168 1254
169 1258
170 1267
171 1271
172 1282
173 1283
174 1297
175 1303
176 1309
177 1314
178 1321
179 1330
180 1337
181 2704
182 1357
183 1358
184 1366
185 1372
186 1381
187 1388
188 1396
189 1399
190 1406
191 1420
192 1424
193 1435
194 1438
195 1447
196 1447
197 1461
198 1467
199 1474
200 1481
201 1488
202 1493
203 1501
204 1509
205 1516
206 1519
207 1531
208 1537
209 1545
210 1551
211 1559
212 1566
213 1572
214 1579
215 1584
216 1593
217 1597
218 1605
219 1615
220 1619
221 1628
222 1634
223 1641
224 1648
225 1656
226 1662
227 1666
228 1676
229 1684
230 1728
231 1698
232 2877
233 1713
234 1723
235 1755
236 1738
237 1746
238 1752
239 1761
240 1767
241 1774
242 1778
243 1782
244 1789
245 1795
246 1800
247 1810
248 1812
249 1821
250 1825
251 1838
252 1843
253 1854
254 1858
255 1866
256 1870
257 1878
258 1884
259 1893
260 1900
261 1910
262 1915
263 1919
264 1925
265 1937
266 1943
267 1994
268 1955
269 1959
270 1989
271 1975
272 3048
273 1987
274 3011
275 2004
276 2018
277 3075
278 2046
279 2029
280 2039
281 2047
282 2053
283 2059
284 2063
285 2075
286 2082
287 3226
288 2095
289 2102
290 2108
291 2117
292 2122
293 2126
294 2138
295 2142
296 2152
297 2158
298 2165
299 2176
300 2176
301 2186
302 2193
303 2200
304 2206
305 2213
306 2219
307 2227
308 2247
309 4287
310 2248
311 2281
312 6320
313 2270
314 2280
315 2282
316 2290
317 2297
318 2315
319 2324
320 3866
321 2325
322 2331
323 2338
324 2345
325 2353
326 2360
327 2367
328 2380
329 2386
330 2384
331 2395
332 2402
333 2405
334 2416
335 2421
336 2428
337 2447
338 2425
339 2429
340 2436
341 2442
342 2450
343 7279
344 2498
345 2513
346 2483
347 2494
348 2502
349 2508
350 2537
351 3759
352 5300
353 2545
354 2557
355 2557
356 2569
357 2576
358 2583
359 2591
360 2597
361 2603
362 2610
363 2616
364 2642
365 2631
366 2638
367 2648
368 2654
369 2659
370 2666
371 2674
372 2696
373 2686
374 2695
375 2698
376 2704
377 2714
378 2718
379 2728
380 2732
381 2780
382 2749
383 7530
384 2770
385 2771
386 2778
387 2790
388 2802
389 2805
390 2811
391 2818
392 2841
393 2833
394 2834
395 2838
396 2847
397 2854
398 2868
399 2868
400 2875
401 2882
402 2890
403 2896
404 2903
405 2906
406 4559
407 2924
408 2932
409 2939
410 2940
411 2949
412 2957
413 2961
414 2973
415 3015
416 3018
417 2999
418 3008
419 3014
420 3022
421 3046
422 4166
423 3039
424 3062
425 3055
426 3058
427 3062
428 3071
429 3084
430 3091
431 3091
432 3099
433 3104
434 3113
435 3121
436 3126
437 3133
438 3142
439 3146
440 3152
441 3173
442 3192
443 3223
444 3182
445 3185
446 3227
447 3202
448 3264
449 3223
450 3231
451 3276
452 3272
453 3268
454 3325
455 3266
456 7537
457 3366
458 3392
459 3353
460 3375
461 3354
462 3335
463 3384
464 3485
465 3344
466 10097
467 3379
468 3407
469 3421
470 3426
471 3398
472 3406
473 3481
474 3448
475 3463
476 3435
477 3444
478 3438
479 3425
480 3432
481 3439
482 3445
483 3466
484 3464
485 3637
486 4317
487 6537
488 3522
489 22512
490 6382
491 3942
492 3613
493 7203
494 4993
495 3632
496 3563
497 3535
498 3539
499 3585
500 3625
501 3605
502 3632
503 3595
504 3642
505 3614
506 3645
507 3717
508 3800
509 3721
510 3710
511 3715
512 5364
513 3734
514 3740
515 3748
516 3754
517 3760
518 7131
519 5527
520 3805
521 3828
522 3822
523 3825
524 3832
525 3837
526 3856
527 3854
528 3861
529 3870
530 3883
531 3884
532 3889
533 3898
534 5579
535 3910
536 3918
537 3928
538 3933
539 3990
540 4056
541 3974
542 3964
543 3981
544 3976
545 5147
546 3993
547 3990
548 4012
549 4014
550 4016
551 4024
552 4032
553 4039
554 4046
555 5724
556 4058
557 4071
558 4079
559 4086
560 4085
561 4092
562 4104
563 4110
564 4116
565 4135
566 5795
567 4136
568 4154
569 4173
570 4167
571 4177
572 4170
573 4178
574 4193
575 4199
576 5795
577 4213
578 4220
579 4235
580 4236
581 4248
582 4243
583 4271
584 4271
585 6183
586 4270
587 4287
588 4290
589 4298
590 4304
591 4319
592 4318
593 4325
594 4338
595 4348
596 4346
597 4353
598 4363
599 4368
600 6017
601 4383
602 4390
603 4460
604 4565
605 4483
606 4498
607 6746
608 4483
609 4464
610 6263
611 4455
612 4471
613 4472
614 4460
615 4474
616 7274
617 6656
618 4509
619 4518
620 4528
621 6336
622 4549
623 4541
624 11539
625 4565
626 4592
627 4567
628 5681
629 4718
630 4592
631 4596
632 4605
633 4611
634 4614
635 4626
636 4632
637 4640
638 4651
639 4709
640 4720
641 4692
642 4690
643 4778
644 4689
645 4792
646 6684
647 4799
648 6474
649 4726
650 4734
651 4734
652 4681
653 6274
654 4655
655 4690
656 4690
657 4700
658 4685
659 4773
660 4688
661 4700
662 4695
663 4709
664 4712
665 4719
666 4727
667 4735
668 4737
669 4749
670 4753
671 4778
672 4771
673 4778
674 4779
675 4789
676 4799
677 4803
678 4811
679 4826
680 4814
681 4810
682 4839
683 4826
684 6615
685 4839
686 4851
687 4851
688 4861
689 4866
690 6593
691 12461
692 4887
693 6535
694 4902
695 4910
696 4930
697 4924
698 4931
699 4937
700 4975
701 5032
702 17396
703 6075
704 4985
705 6064
706 9200
707 10831
708 5017
709 5028
710 5034
711 5038
712 5049
713 5055
714 5064
715 5069
716 5073
717 6108
718 5094
719 5097
720 6115
721 5113
722 5116
723 5126
724 5133
725 5136
726 5147
727 5153
728 5160
729 5166
730 5174
731 5182
732 5188
733 5194
734 5202
735 5208
736 5216
737 5222
738 5229
739 5238
740 5243
741 5250
742 5257
743 5318
744 5274
745 5280
746 5309
747 5324
748 5361
749 5352
750 5311
751 5320
752 5326
753 5334
754 5342
755 5344
756 5352
757 5367
758 5369
759 5375
760 5380
761 5395
762 5394
763 5406
764 5409
765 5417
766 5425
767 5429
768 5457
769 5448
770 5484
771 5573
772 6492
773 5473
774 5517
775 5505
776 5492
777 5497
778 5510
779 5515
780 5523
781 5529
782 5539
783 5544
784 5551
785 5558
786 5565
787 5572
788 5577
789 5591
790 5592
791 5598
792 5606
793 5615
794 5618
795 5634
796 5636
797 5641
798 6746
799 5654
800 5663
801 5667
802 5675
803 5685
804 5689
805 5698
806 5704
807 5710
808 6743
809 5725
810 5734
811 5737
812 5772
813 6848
814 5786
815 5791
816 5815
817 9669
818 5788
819 5859
820 5804
821 7446
822 5817
823 5822
824 5828
825 5836
826 5843
827 9217
828 5922
829 5863
830 7501
831 5879
832 5939
833 7610
834 5897
835 25890
836 5984
837 5942
838 7595
839 5959
840 5935
841 5950
842 6026
843 5958
844 5969
845 7578
846 5982
847 9119
848 6001
849 7105
850 6009
851 6018
852 6022
853 6032
854 6038
855 6044
856 6051
857 6098
858 6174
859 6070
860 6083
861 6087
862 6092
863 6105
864 7118
865 6210
866 6252
867 6160
868 6190
869 6162
870 6159
871 6155
872 6165
873 6206
874 6170
875 6188
876 6189
877 6200
878 6205
879 6210
880 6229
881 6222
882 6236
883 6244
884 6247
885 6266
886 6258
887 6353
888 9560
889 6289
890 7982
891 9824
892 6305
893 6308
894 6320
895 6323
896 6329
897 6338
898 6370
899 6354
900 7951
901 6365
902 6375
903 6380
904 6389
905 6393
906 6403
907 7991
908 6432
909 6424
910 6430
911 6434
912 8021
913 6450
914 6455
915 6471
916 6476
917 6496
918 11575
919 6568
920 6498
921 6506
922 6512
923 6519
924 6524
925 6541
926 6605
927 6539
928 6546
929 6552
930 6559
931 6575
932 6585
933 6589
934 6604
935 8413
936 6603
937 6632
938 9117
939 8238
940 9345
941 14045
942 6641
943 6656
944 6666
945 6673
946 6681
947 6686
948 8308
949 6700
950 6711
951 6717
952 6723
953 6727
954 8325
955 6748
956 6756
957 6764
958 6761
959 11239
960 6776
961 6782
962 6785
963 6817
964 6822
965 6835
966 6874
967 6909
968 6902
969 6844
970 6953
971 6856
972 6856
973 6866
974 6881
975 7914
976 6946
977 6901
978 6904
979 6928
980 10231
981 6927
982 11067
983 6913
984 6925
985 6929
986 6934
987 6943
988 52178
989 6987
990 7060
991 7105
992 9590
993 7006
994 7011
995 7133
996 7030
997 7035
998 7043
999 7048
1000 7130
