1 371
2 417
3 520
4 609
5 301
6 212
7 234
8 257
9 279
10 294
11 318
12 340
13 363
14 396
15 426
16 441
17 454
18 473
19 495
20 513
21 524
22 545
23 567
24 588
25 610
26 4379
27 652
28 663
29 684
30 703
31 718
32 739
33 760
34 780
35 804
36 5065
37 844
38 871
39 870
40 870
41 891
42 907
43 927
44 931
45 956
46 954
47 955
48 975
49 997
50 1011
51 1010
52 1025
53 1050
54 1069
55 1074
56 1082
57 1152
58 1119
59 1139
60 1154
61 1172
62 1189
63 1208
64 1209
65 1224
66 1241
67 1260
68 1277
69 1300
70 1313
71 1331
72 1350
73 1367
74 1386
75 1406
76 1423
77 1442
78 1456
79 1475
80 1503
81 1510
82 1531
83 1555
84 1574
85 1582
86 1600
87 1625
88 1641
89 1653
90 1672
91 1703
92 1717
93 1725
94 1745
95 5415
96 1799
97 1849
98 1833
99 1844
100 1877
101 1873
102 1894
103 1923
104 1941
105 1957
106 1968
107 2000
108 2014
109 2023
110 2046
111 2059
112 2081
113 2107
114 2112
115 5492
116 2156
117 2163
118 2194
119 3274
120 2222
121 2260
122 7926
123 2326
124 2331
125 9188
126 2326
127 2352
128 2379
129 2391
130 2398
131 5176
132 2445
133 2466
134 2473
135 2488
136 2530
137 2532
138 2548
139 2563
140 2585
141 2598
142 2626
143 2633
144 2673
145 2697
146 2700
147 2732
148 2794
149 2817
150 2863
151 2894
152 2868
153 2892
154 2905
155 2923
156 2958
157 2960
158 2976
159 3002
160 3018
161 3033
162 3051
163 3075
164 3106
165 3113
166 3133
167 3149
168 3167
169 3180
170 3203
171 4230
172 3238
173 3262
174 3280
175 3298
176 3317
177 3335
178 3356
179 3370
180 3392
181 3409
182 3426
183 3445
184 3463
185 6154
186 3501
187 3518
188 3536
189 6064
190 3579
191 3588
192 3612
193 3629
194 3645
195 4673
196 3685
197 3703
198 3720
199 3735
200 3755
201 3774
202 3791
203 3811
204 3823
205 3848
206 3868
207 3893
208 3917
209 3940
210 5252
211 3965
212 3974
213 4001
214 4009
215 4066
216 4062
217 4069
218 4094
219 4111
220 4126
221 4142
222 4161
223 4181
224 4232
225 4216
226 4235
227 4248
228 4274
229 4287
230 5813
231 4335
232 4343
233 4362
234 4379
235 4404
236 4418
237 4432
238 4451
239 4473
240 4491
241 4510
242 4527
243 4545
244 4563
245 4579
246 4603
247 4620
248 4635
249 4657
250 4686
251 4695
252 4710
253 4731
254 4752
255 4763
256 4784
257 4804
258 4821
259 4839
260 5900
261 4877
262 4895
263 4911
264 4930
265 4948
266 4971
267 4982
268 5007
269 5037
270 5041
271 5060
272 5078
273 5098
274 5111
275 5130
276 5154
277 5191
278 5197
279 5212
280 5242
281 5265
282 5267
283 5290
284 5296
285 5316
286 5332
287 6395
288 5369
289 5396
290 6409
291 5420
292 5439
293 5462
294 5477
295 5495
296 5535
297 5547
298 5555
299 5580
300 5598
301 5616
302 5633
303 5653
304 5663
305 5683
306 5711
307 5750
308 5777
309 5768
310 5779
311 5807
312 5836
313 5835
314 5846
315 5903
316 5897
317 5901
318 5921
319 5938
320 5959
321 5994
322 5994
323 6013
324 6029
325 6050
326 7749
327 6084
328 6105
329 6123
330 6142
331 6158
332 6179
333 7829
334 6212
335 6251
336 6252
337 7887
338 6286
339 6306
340 6320
341 6340
342 6360
343 6379
344 6395
345 6416
346 6434
347 6450
348 6477
349 6489
350 8179
351 9634
352 6550
353 6625
354 6582
355 8275
356 6619
357 6634
358 6653
359 8976
360 6691
361 6705
362 6729
363 6750
364 8411
365 6781
366 8425
367 6818
368 6837
369 6856
370 6874
371 6893
372 6911
373 6927
374 6947
375 6965
376 10818
377 7016
378 7023
379 9875
380 13587
381 16057
382 8231
383 7113
384 7130
385 7150
386 7167
387 7184
388 7207
389 7219
390 7236
391 7255
392 7280
393 7295
394 7305
395 10644
396 7350
397 7347
398 7363
399 7380
400 7431
401 7421
402 7442
403 9414
404 7472
405 7497
406 7515
407 7559
408 7552
409 7565
410 7582
411 7605
412 7620
413 7651
414 7716
415 7701
416 7721
417 7737
418 7749
419 7774
420 7789
421 7808
422 7829
423 7847
424 7867
425 7884
426 7903
427 7921
428 7939
429 10718
430 8017
431 7995
432 8024
433 8034
434 10591
435 9946
436 8077
437 8099
438 8127
439 8144
440 8154
441 8179
442 8194
443 10281
444 8229
445 8252
446 8294
447 8293
448 8302
449 12592
450 8340
451 8365
452 8371
453 8390
454 8414
455 8436
456 8453
457 10486
458 10415
459 8515
460 8526
461 8545
462 8566
463 8581
464 8600
465 8617
466 10657
467 8652
468 8672
469 8689
470 8704
471 9710
472 13496
473 12275
474 8779
475 8806
476 11119
477 8841
478 8856
479 8909
480 8891
481 17680
482 8927
483 8950
484 8963
485 8986
486 8999
487 9020
488 9037
489 9058
490 9079
491 9096
492 9108
493 9130
494 9167
495 9169
496 9189
497 9206
498 9223
499 9242
500 9279
501 9279
502 9298
503 13886
504 9334
505 9351
506 9364
507 9436
508 9411
509 9434
510 9441
511 9468
512 9477
513 9500
514 9514
515 9532
516 11665
517 9571
518 9582
519 9605
520 9626
521 9644
522 9660
523 9680
524 9696
525 9722
526 9733
527 9750
528 9780
529 9788
530 9853
531 9828
532 9852
533 9863
534 9878
535 9903
536 9922
537 9939
538 9957
539 9975
540 9994
541 10010
542 10028
543 10050
544 10067
545 10087
546 10101
547 10123
548 10142
549 10156
550 10193
551 10291
552 15971
553 10267
554 10284
555 10325
556 11359
557 10333
558 10353
559 11426
560 10402
561 10402
562 10418
563 10462
564 10465
565 10534
566 10534
567 10540
568 10505
569 10524
570 10545
571 10586
572 10604
573 10597
574 10614
575 12576
576 10662
577 12856
578 10735
579 10725
580 10751
581 10767
582 12837
583 10785
584 10797
585 10822
586 10858
587 10854
588 10897
589 10939
590 10928
591 10960
592 10949
593 10965
594 10981
595 11008
596 11105
597 11092
598 11234
599 11169
600 11148
601 11194
602 11129
603 11211
604 11164
605 11209
606 11230
607 11273
608 11297
609 11263
610 12316
611 11304
612 11348
613 13044
614 15985
615 18923
616 11389
617 11409
618 11423
619 11447
620 11457
621 11482
622 12646
623 11517
624 11536
625 11552
626 11568
627 14024
628 11608
629 12824
630 13185
631 11668
632 11683
633 11700
634 11718
635 11737
636 11753
637 11783
638 11796
639 11811
640 11828
641 11842
642 11863
643 11884
644 11910
645 11935
646 11991
647 11970
648 12002
649 12021
650 12193
651 12105
652 12049
653 12066
654 12085
655 12103
656 12119
657 12139
658 12182
659 12172
660 16545
661 12210
662 12232
663 12247
664 12310
665 14387
666 12313
667 12319
668 12339
669 16356
670 14197
671 12395
672 12445
673 12581
674 12601
675 12473
676 12501
677 12601
678 12532
679 12542
680 12560
681 12582
682 12599
683 12621
684 14388
685 12660
686 16490
687 12689
688 17972
689 12706
690 12731
691 19506
692 12803
693 12852
694 12833
695 12882
696 12954
697 13033
698 12914
699 12906
700 131619
701 14736
702 15185
703 12959
704 12970
705 19219
706 14134
707 15216
708 13065
709 13080
710 13106
711 14725
712 17286
713 14814
714 14512
715 13233
716 15419
717 15316
718 20181
719 19369
720 13317
721 13364
722 15858
723 13499
724 15528
725 15786
726 17590
727 13424
728 15395
729 17553
730 15892
731 19719
732 13620
733 13842
734 13917
735 16376
736 13583
737 14659
738 24597
739 13656
740 15526
741 13680
742 15589
743 14975
744 13748
745 13747
746 13861
747 24249
748 17386
749 13820
750 13841
751 13861
752 13880
753 13893
754 13917
755 15468
756 13952
757 14994
758 15011
759 15509
760 14022
761 14046
762 14060
763 14075
764 15131
765 14116
766 14135
767 14158
768 14166
769 14206
770 14203
771 14223
772 14223
773 14246
774 14255
775 14279
776 14292
777 16018
778 14405
779 15977
780 14397
781 18651
782 14407
783 14429
784 14440
785 14454
786 14473
787 14508
788 14532
789 14551
790 14566
791 14587
792 14577
793 14626
794 14858
795 15023
796 15063
797 15131
798 15122
799 16302
800 17284
801 15170
802 16882
803 15186
804 15200
805 15222
806 16891
807 15260
808 15283
809 15300
810 15315
811 16976
812 17074
813 15369
814 15392
815 15406
816 15435
817 15442
818 17116
819 15483
820 15500
821 16584
822 15543
823 17220
824 17550
825 17421
826 17354
827 17438
828 15661
829 15669
830 15701
831 15714
832 15719
833 15743
834 15779
835 15781
836 15805
837 15827
838 15890
839 15889
840 15879
841 67030
842 15915
843 15934
844 17015
845 17138
846 18658
847 16002
848 17663
849 16047
850 16052
851 16089
852 16099
853 16126
854 16134
855 17221
856 16165
857 17239
858 16235
859 16254
860 19672
861 16286
862 16270
863 16305
864 17362
865 16362
866 17425
867 16368
868 17967
869 16439
870 16465
871 16454
872 16473
873 16499
874 18267
875 16608
876 16673
877 16721
878 17651
879 16594
880 16622
881 16667
882 20663
883 16697
884 16717
885 16728
886 16774
887 16794
888 16784
889 16798
890 16835
891 16838
892 16878
893 16876
894 16905
895 16908
896 16935
897 18866
898 16966
899 18945
900 18161
901 22053
902 17044
903 17060
904 17085
905 20475
906 17129
907 17141
908 17159
909 17174
910 17197
911 17202
912 18811
913 17286
914 17260
915 17295
916 17305
917 17323
918 17351
919 18441
920 18949
921 18452
922 18493
923 18996
924 18883
925 17507
926 17535
927 17146
928 17237
929 17131
930 17149
931 17166
932 17179
933 18890
934 20551
935 17225
936 18886
937 17272
938 17287
939 17323
940 17333
941 17350
942 17360
943 21543
944 69372
945 17475
946 17446
947 26937
948 17464
949 17526
950 17507
951 17528
952 19176
953 17556
954 17590
955 19209
956 17637
957 17660
958 20986
959 19302
960 17691
961 17718
962 19831
963 17746
964 19367
965 17785
966 17806
967 17818
968 17846
969 17903
970 17894
971 17964
972 17959
973 17932
974 17957
975 17976
976 17994
977 19727
978 19771
979 18038
980 18101
981 18086
982 20878
983 18172
984 18129
985 55374
986 18171
987 20836
988 21418
989 25442
990 18244
991 18257
992 22418
993 18296
994 18316
995 18336
996 18348
997 18371
998 18388
999 18406
1000 18427
